35784
14037417
14504
766
19734400
34483
2301120
10951662
209111
767032
14985
69563
683307
43172
26024490
1206
201
16483871
1901216
5709
7422111
2029599
48
734648
725340
458616
17820
107361
8391600
54833667
674768250
45396
7110369
1762555
20153857
1002
1636
14699098
1144
2335280
91804
4144212
2436
23351403
210
48489
209317
295023300
158313
1819254899
16994292
125291867
38250
4490
2143907
559664774
3651
41342
46512
6030
34218072
152959
28001
18630723
8838389
3951075
1102
622080
302476338
1102
11309767
57783
1314
406253290
6442020
198900
22541
177494959
3602374
1032
31965290
16034
518
825
301541
1514
481825
6260
1301504
26662
1456
27546990
104262
12841407
22004938
476676
1812956
28575129
52482825
1245998
1845532
1136
874267
1633604544
625
70685
65430
336168
5872014
185284020
618634
4370
98554
37985787
57386
805
215313437
546624
51717450
645762
512736840
5085
702408
374630270
130847
133331
3417246
671174964
2609
13503
3876
3693725
2151
2831
38086624
355211584
600566736
13369
275352
17347928
47612
1257706
1050
1999623
13984560
415527
108751638
18519906
1711476
34398
90939
1637457
756321
2070068
36162
2098
437328
958557600
208179008
262698
71853
6974976
270
1137136
1647
97809780
743171
772794
11540
65053
597048192
16160
163168
111510095
928047
164016
1294665
7399056
2557690
453
1821160
25302375
1697
20244
5446
138082
3300240
8733
99232
850529502
473088
287042
738057
6229017
188011
28206493
1642872
82236
1287240
22079607
523250
2461027
1194436
274815
84103
80925
33443
138138
5668451
1087
262955060
33613
66980340
5178404
268920
12166567
35660898
690
48180660
690000
78619520
43464193
3066
1158660
25187335
81481
1567635920
10314416
8316
5776330
214512
1633826
32040
578
50459904
573300
1757
1040
20430
1185746128
3116640
Result: 16110513364
